#YPR=-116.90,1.76,7.36,249.07,-11.26,31.74,246.78,
#YPR=-116.87,1.48,6.63,253.44,-8.19,26.62,251.90,
#YPR=-116.67,1.07,6.28,252.81,-12.29,28.67,250.88,
#YPR=-116.44,1.05,6.09,252.18,0.00,25.60,250.88,
#YPR=-116.35,0.53,5.89,255.69,-2.05,29.70,253.95,
#YPR=-116.15,-0.01,5.72,254.81,-3.07,30.72,252.93,
#YPR=-115.89,-0.23,5.51,251.17,-1.02,25.60,249.86,
#YPR=-115.65,-0.59,5.37,256.49,4.10,15.36,256.00,
#YPR=-115.49,-0.97,4.91,263.82,2.05,18.43,263.17,
#YPR=-115.17,-1.04,4.60,250.54,-1.02,18.43,249.86,
#YPR=-114.67,-1.26,4.57,258.50,5.12,14.34,258.05,
#YPR=-114.60,-1.31,4.55,251.18,8.19,9.22,250.88,
#YPR=-114.40,-1.47,4.52,261.77,10.24,15.36,261.12,
#YPR=-114.27,-1.91,4.62,266.41,11.26,22.53,265.22,
#YPR=-114.23,-2.10,4.80,242.42,-5.12,18.43,241.66,
#YPR=-113.98,-1.88,4.89,259.96,9.22,19.46,259.07,
#YPR=-113.68,-2.96,4.78,267.99,23.55,19.46,266.24,
#YPR=-113.22,-4.76,4.39,264.47,27.65,21.50,262.14,
#YPR=-112.69,-6.02,4.09,247.61,8.19,18.43,246.78,
#YPR=-112.21,-5.85,4.16,242.14,20.48,17.41,240.64,
#YPR=-111.96,-5.96,4.54,249.37,28.67,21.50,246.78,
#YPR=-111.86,-6.10,4.95,248.74,26.62,27.65,245.76,
#YPR=-111.62,-5.89,5.40,247.81,34.82,17.41,244.74,
#YPR=-111.28,-6.50,6.18,249.93,11.26,20.48,248.83,
#YPR=-111.03,-6.12,6.12,255.60,19.46,21.50,253.95,
#YPR=-110.81,-6.03,6.27,251.53,19.46,21.50,249.86,
#YPR=-110.61,-5.46,6.25,255.40,31.74,27.65,251.90,
#YPR=-110.34,-5.64,6.35,256.72,15.36,25.60,254.98,
#YPR=-110.20,-5.90,6.42,254.37,11.26,24.58,252.93,
#YPR=-109.98,-4.86,6.31,297.57,46.08,43.01,290.82,
#YPR=-109.97,1.87,6.32,213.16,0.00,22.53,211.97,
#YPR=-110.17,8.74,6.64,233.59,-73.73,14.34,221.18,
#YPR=-111.51,10.68,7.56,271.22,-60.42,25.60,263.17,
#YPR=-112.42,9.75,7.91,305.44,-24.58,37.89,302.08,
#YPR=-112.58,8.68,7.25,274.26,-45.06,34.82,268.29,
#YPR=-112.96,8.72,7.18,231.99,-40.96,21.50,227.33,
#YPR=-113.20,8.90,7.22,267.28,-36.86,28.67,263.17,
#YPR=-113.33,8.76,7.04,259.78,-41.98,26.62,254.98,
#YPR=-113.54,8.68,6.83,257.25,-52.22,22.53,250.88,
#YPR=-114.01,9.00,6.53,257.24,-37.89,27.65,252.93,
#YPR=-114.25,8.47,6.50,259.37,-37.89,28.67,254.98,
#YPR=-114.47,8.11,6.44,257.56,-41.98,24.58,252.93,
#YPR=-114.78,7.84,6.27,248.96,-33.79,30.72,244.74,
#YPR=-114.99,7.48,6.58,249.15,-36.86,28.67,244.74,
#YPR=-115.15,7.60,6.76,260.57,-39.94,27.65,256.00,
#YPR=-115.41,7.83,6.70,256.88,-31.74,31.74,252.93,
#YPR=-115.52,7.56,6.86,256.08,-36.86,27.65,251.90,
#YPR=-115.96,7.63,6.86,250.88,-28.67,26.62,247.81,
#YPR=-115.95,7.36,6.89,254.05,-30.72,25.60,250.88,
#YPR=-115.97,7.02,6.93,258.51,-34.82,24.58,254.98,
#YPR=-116.00,6.90,6.69,259.99,-28.67,26.62,257.02,
#YPR=-115.91,6.36,6.61,266.19,-30.72,25.60,263.17,
#YPR=-115.83,5.73,6.39,280.90,-28.67,22.53,278.53,
#YPR=-115.84,4.74,5.81,293.59,-20.48,24.58,291.84,
#YPR=-115.83,3.01,5.10,319.68,-8.19,26.62,318.46,
#YPR=-115.89,0.23,3.69,335.55,12.29,31.74,333.82,
#YPR=-114.94,-5.44,1.68,297.01,15.36,31.74,294.91,
#YPR=-112.89,-13.20,0.30,273.55,38.91,15.36,270.34,
#YPR=-109.87,-20.35,-1.47,236.46,56.32,-11.26,229.38,
#YPR=-102.87,-35.95,-5.81,228.86,87.04,-17.41,210.94,
#YPR=-96.90,-47.83,-9.02,200.08,96.26,-21.50,174.08,
#YPR=-90.15,-59.69,-12.95,218.22,161.79,-41.98,140.29,
#YPR=-82.16,-68.77,-20.38,262.63,232.45,-32.77,117.76,
#YPR=-67.19,-74.95,-33.55,241.64,237.57,-31.74,-30.72,
#YPR=-27.44,-81.13,-71.96,182.37,175.10,-47.10,19.46,
#YPR=62.12,-65.63,-163.04,267.39,232.45,-23.55,-130.05,
