#YPR=-149.48,-11.37,0.95,249.03,51.20,1.02,243.71,287
#YPR=-149.43,-11.61,0.90,263.94,50.18,5.12,259.07,326
#YPR=-28.24,-2.53,-0.79,256.14,2.05,-8.19,256.00,275
#YPR=-28.20,-2.24,-1.01,260.33,10.24,-4.10,260.10,313
#YPR=-28.20,-2.32,-1.03,260.44,11.26,-7.17,260.10,346
#YPR=-28.17,-2.36,-1.14,252.51,11.26,-13.31,251.90,378
#YPR=-28.10,-2.38,-1.41,250.13,3.07,-11.26,249.86,411
#YPR=-28.02,-2.18,-1.52,250.94,2.05,-5.12,250.88,444
#YPR=-28.24,-1.64,-1.23,258.25,7.17,-7.17,258.05,521
#YPR=-28.30,-1.68,-1.34,257.35,9.22,-9.22,257.02,553
#YPR=-28.25,-1.76,-1.52,252.25,8.19,-10.24,251.90,586
#YPR=-28.16,-1.86,-1.66,253.53,6.14,-16.38,252.93,619
#YPR=-28.08,-1.87,-1.94,253.66,8.19,-17.41,252.93,651
#YPR=-27.97,-1.88,-2.15,254.47,5.12,-15.36,253.95,684
#YPR=-27.87,-1.84,-2.34,254.14,3.07,-9.22,253.95,726
#YPR=-27.78,-1.76,-2.25,253.24,7.17,-10.24,252.93,758
#YPR=-27.72,-1.81,-2.20,254.14,3.07,-9.22,253.95,790
#YPR=-27.69,-1.75,-2.14,258.50,9.22,-12.29,258.05,826
#YPR=-27.68,-1.85,-2.22,254.35,5.12,-13.31,253.95,859
#YPR=-27.70,-1.72,-2.25,253.44,7.17,-14.34,252.93,890
#YPR=-27.74,-1.65,-2.28,255.35,9.22,-10.24,254.98,923
#YPR=-27.75,-1.63,-2.16,255.35,9.22,-10.24,254.98,956
#YPR=-27.72,-1.65,-2.10,253.15,3.07,-10.24,252.93,989
#YPR=-27.76,-1.49,-2.04,249.25,2.05,-14.34,248.83,1021
#YPR=-27.76,-1.38,-2.11,253.19,2.05,-11.26,252.93,1054
#YPR=-27.72,-1.32,-2.10,253.23,5.12,-11.26,252.93,1087
#YPR=-27.69,-1.38,-2.11,257.53,9.22,-13.31,257.02,1120
#YPR=-27.63,-1.54,-2.22,253.19,2.05,-11.26,252.93,1155
#YPR=-27.62,-1.44,-2.25,253.39,5.12,-14.34,252.93,1187
#YPR=-27.54,-1.52,-2.38,255.64,10.24,-15.36,254.98,1220
#YPR=-27.50,-2.02,-2.66,254.37,6.14,-13.31,253.95,1293
#YPR=-27.41,-2.04,-2.67,251.31,3.07,-14.34,250.88,1325
#YPR=-27.42,-1.87,-2.65,255.32,5.12,-12.29,254.98,1357
#YPR=-27.44,-1.80,-2.60,255.36,4.10,-13.31,254.98,1390
#YPR=-27.43,-1.76,-2.62,255.60,7.17,-16.38,254.98,1423
#YPR=-27.35,-1.74,-2.73,252.32,2.05,-14.34,251.90,1456
#YPR=-27.33,-1.61,-2.72,253.63,4.10,-18.43,252.93,1491
#YPR=-27.29,-1.58,-2.82,254.26,2.05,-12.29,253.95,1523
#YPR=-27.26,-1.45,-2.69,257.47,7.17,-13.31,257.02,1556
#YPR=-27.25,-1.58,-2.63,256.35,7.17,-11.26,256.00,1589
#YPR=-27.22,-1.66,-2.51,255.18,4.10,-9.22,254.98,1622
#YPR=-27.22,-1.64,-2.35,255.42,7.17,-13.31,254.98,1654
#YPR=-27.17,-1.69,-2.38,253.26,4.10,-12.29,252.93,1687
#YPR=-27.15,-1.66,-2.31,252.17,3.07,-11.26,251.90,1720
#YPR=-27.14,-1.62,-2.21,251.17,4.10,-11.26,250.88,1752
#YPR=-27.12,-1.63,-2.14,257.36,8.19,-10.24,257.02,1787
#YPR=-27.10,-1.80,-2.09,255.26,6.14,-10.24,254.98,1820
#YPR=-27.00,-1.89,-2.07,250.34,6.14,-14.34,249.86,1853
#YPR=-26.94,-1.94,-2.10,250.34,8.19,-13.31,249.86,1886
#YPR=-26.92,-1.96,-2.07,255.14,1.02,-9.22,254.98,1917
#YPR=-26.92,-1.81,-1.96,256.46,9.22,-12.29,256.00,1950
#YPR=-26.84,-1.96,-2.04,257.52,10.24,-12.29,257.02,1983
#YPR=-26.86,-2.10,-2.08,248.22,1.02,-14.34,247.81,2051
#YPR=-26.80,-1.92,-2.17,253.20,3.07,-11.26,252.93,2083
#YPR=-26.83,-1.88,-2.11,254.30,7.17,-11.26,253.95,2118
#YPR=-26.86,-1.88,-2.02,259.45,8.19,-11.26,259.07,2151
#YPR=-26.89,-1.89,-2.00,255.40,8.19,-12.29,254.98,2184
#YPR=-26.83,-1.95,-2.10,256.55,10.24,-13.31,256.00,2216
#YPR=-26.81,-2.04,-2.15,249.27,8.19,-12.29,248.83,2249
#YPR=-26.78,-2.06,-2.13,253.15,3.07,-10.24,252.93,2282
#YPR=-26.70,-1.93,-2.05,253.20,7.17,-9.22,252.93,2315
#YPR=-26.71,-1.95,-1.98,256.08,4.10,-5.12,256.00,2347
#YPR=-26.72,-1.85,-1.78,253.28,7.17,-11.26,252.93,2379
#YPR=-26.75,-1.97,-1.86,255.40,8.19,-12.29,254.98,2422
#YPR=-26.75,-2.00,-1.93,255.48,10.24,-12.29,254.98,2456
#YPR=-26.72,-2.09,-2.01,255.48,10.24,-12.29,254.98,2489
#YPR=-26.68,-2.20,-2.04,251.12,6.14,-9.22,250.88,2521
#YPR=-26.69,-2.14,-1.93,257.17,3.07,-8.19,257.02,2553
#YPR=-26.68,-1.96,-1.82,256.16,4.10,-8.19,256.00,2586
#YPR=-26.66,-1.88,-1.78,256.51,9.22,-13.31,256.00,2619
#YPR=-26.64,-1.97,-1.93,249.20,2.05,-13.31,248.83,2651
#YPR=-26.64,-1.78,-2.02,254.35,7.17,-12.29,253.95,2683
#YPR=-26.65,-1.89,-2.05,255.32,5.12,-12.29,254.98,2719
#YPR=-26.63,-1.87,-2.09,257.56,11.26,-12.29,257.02,2752
#YPR=-26.49,-2.13,-2.18,253.26,4.10,-12.29,252.93,2819
#YPR=-26.48,-2.00,-2.18,252.26,5.12,-12.29,251.90,2851
#YPR=-26.51,-1.95,-2.19,256.15,5.12,-7.17,256.00,2884
#YPR=-26.54,-1.96,-2.03,256.50,11.26,-11.26,256.00,2917
#YPR=-26.56,-2.11,-2.08,255.62,12.29,-13.31,254.98,2950
#YPR=-26.53,-2.27,-2.18,251.31,6.14,-13.31,250.88,2982
#YPR=-26.54,-2.24,-2.22,250.37,7.17,-14.34,249.86,3015
#YPR=-26.58,-2.23,-2.27,254.33,10.24,-9.22,253.95,3051
#YPR=-26.59,-2.31,-2.14,256.41,10.24,-10.24,256.00,3084
#YPR=-26.56,-2.35,-2.11,255.27,8.19,-9.22,254.98,3116
#YPR=-26.56,-2.36,-2.04,252.26,7.17,-11.26,251.90,3148
#YPR=-26.50,-2.38,-2.04,254.33,8.19,-11.26,253.95,3181
#YPR=-26.43,-2.42,-2.08,258.42,8.19,-11.26,258.05,3214
#YPR=-26.33,-2.41,-2.13,255.45,8.19,-13.31,254.98,3247
#YPR=-26.31,-2.43,-2.25,254.38,8.19,-12.29,253.95,3279
#YPR=-26.26,-2.39,-2.27,252.24,4.10,-12.29,251.90,3312
#YPR=-26.28,-2.25,-2.29,255.60,9.22,-15.36,254.98,3345
#YPR=-26.26,-2.32,-2.44,255.54,9.22,-14.34,254.98,3380
#YPR=-26.21,-2.34,-2.49,254.69,10.24,-16.38,253.95,3412
#YPR=-26.21,-2.41,-2.63,257.52,10.24,-12.29,257.02,3446
#YPR=-26.19,-2.43,-2.57,252.71,10.24,-17.41,251.90,3479
#YPR=-26.16,-2.42,-2.68,256.37,9.22,-10.24,256.00,3512
#YPR=-26.15,-2.48,-2.44,253.49,10.24,-13.31,252.93,3578
#YPR=-26.17,-2.48,-2.42,254.43,8.19,-13.31,253.95,3611
#YPR=-26.18,-2.47,-2.44,254.47,9.22,-13.31,253.95,3644
#YPR=-26.20,-2.54,-2.44,255.78,14.34,-14.34,254.98,3677
#YPR=-26.15,-2.67,-2.50,256.64,12.29,-13.31,256.00,3707
#YPR=-26.11,-2.76,-2.54,249.54,9.22,-16.38,248.83,3740
#YPR=-26.05,-2.70,-2.63,250.52,11.26,-14.34,249.86,3773
#YPR=-26.04,-2.74,-2.61,255.21,8.19,-7.17,254.98,3806
#YPR=-26.05,-2.69,-2.38,258.59,11.26,-12.29,258.05,3838
#YPR=-26.03,-2.74,-2.42,255.49,9.22,-13.31,254.98,3871
#YPR=-25.98,-2.66,-2.48,250.63,9.22,-17.41,249.86,3904
#YPR=-25.96,-2.64,-2.61,251.45,7.17,-15.36,250.88,3937
#YPR=-25.95,-2.57,-2.66,253.38,7.17,-13.31,252.93,3970
#YPR=-25.92,-2.52,-2.66,255.84,14.34,-15.36,254.98,4004
#YPR=-25.91,-2.68,-2.72,256.66,10.24,-15.36,256.00,4038
#YPR=-25.88,-2.64,-2.78,253.53,6.14,-16.38,252.93,4071
#YPR=-25.84,-2.49,-2.87,252.47,7.17,-15.36,251.90,4111
#YPR=-25.88,-2.40,-2.85,251.50,10.24,-14.34,250.88,4144
#YPR=-25.87,-2.47,-2.83,254.37,9.22,-11.26,253.95,4176
#YPR=-25.85,-2.50,-2.74,254.67,11.26,-15.36,253.95,4209
#YPR=-25.85,-2.54,-2.76,253.45,9.22,-13.31,252.93,4242
#YPR=-25.90,-2.54,-2.69,254.51,10.24,-13.31,253.95,4276
#YPR=-25.83,-2.62,-2.65,253.48,11.26,-12.29,252.93,4345
#YPR=-25.73,-2.64,-2.60,253.49,10.24,-13.31,252.93,4378
#YPR=-25.65,-2.63,-2.62,251.54,11.26,-14.34,250.88,4411
#YPR=-25.56,-2.73,-2.67,253.38,7.17,-13.31,252.93,4444
#YPR=-25.56,-2.60,-2.63,252.26,7.17,-11.26,251.90,4476
#YPR=-25.49,-2.53,-2.59,256.64,12.29,-13.31,256.00,4509
#YPR=-25.46,-2.66,-2.63,255.75,11.26,-16.38,254.98,4542
#YPR=-25.40,-2.66,-2.74,254.73,11.26,-16.38,253.95,4575
#YPR=-25.35,-2.71,-2.79,250.47,6.14,-16.38,249.86,4608
#YPR=-25.37,-2.64,-2.84,257.61,11.26,-13.31,257.02,4643
#YPR=-25.38,-2.65,-2.80,253.97,12.29,-19.46,252.93,4676
#YPR=-25.31,-2.76,-3.02,253.09,13.31,-20.48,251.90,4709
#YPR=-25.25,-2.83,-3.19,257.78,12.29,-15.36,257.02,4743
#YPR=-25.24,-2.81,-3.12,254.56,10.24,-14.34,253.95,4775
#YPR=-25.19,-2.79,-3.10,253.35,9.22,-11.26,252.93,4808
#YPR=-25.17,-2.79,-2.99,254.70,13.31,-14.34,253.95,4841
#YPR=-25.15,-2.90,-2.98,253.43,10.24,-12.29,252.93,4874
#YPR=-25.17,-2.88,-2.87,257.88,14.34,-15.36,257.02,4907
#YPR=-25.15,-3.04,-2.91,255.78,13.31,-15.36,254.98,4942
#YPR=-25.15,-3.09,-3.00,253.12,15.36,-19.46,251.90,4975
#YPR=-25.09,-3.15,-3.17,250.87,11.26,-19.46,249.86,5008
#YPR=-25.06,-3.07,-3.30,252.54,9.22,-15.36,251.90,5041
#YPR=-25.10,-2.94,-3.13,257.48,9.22,-12.29,257.02,5107
#YPR=-25.09,-2.93,-3.02,257.96,13.31,-17.41,257.02,5140
#YPR=-25.03,-3.03,-3.13,254.78,12.29,-16.38,253.95,5174
#YPR=-25.02,-3.06,-3.17,251.25,15.36,-21.50,249.86,5207
#YPR=-25.00,-3.16,-3.33,254.75,10.24,-17.41,253.95,5239
#YPR=-24.91,-3.06,-3.34,253.81,10.24,-18.43,252.93,5275
#YPR=-24.88,-3.02,-3.43,256.71,11.26,-15.36,256.00,5308
#YPR=-24.86,-2.98,-3.36,256.70,12.29,-14.34,256.00,5341
#YPR=-24.85,-2.95,-3.23,254.55,8.19,-15.36,253.95,5373
#YPR=-24.79,-2.85,-3.23,253.66,10.24,-16.38,252.93,5406
#YPR=-24.79,-2.83,-3.26,251.60,11.26,-15.36,250.88,5439
#YPR=-24.79,-2.84,-3.20,257.84,12.29,-16.38,257.02,5472
#YPR=-24.79,-2.91,-3.22,255.75,11.26,-16.38,254.98,5506
#YPR=-24.75,-2.88,-3.25,254.06,17.41,-16.38,252.93,5538
#YPR=-24.74,-3.01,-3.26,251.46,9.22,-14.34,250.88,5573
#YPR=-128.78,-4.01,-3.15,257.98,12.29,-18.43,257.02,271,
#YPR=-128.99,-3.54,-3.36,256.05,11.26,-20.48,254.98,310,
#YPR=-129.06,-3.33,-3.43,255.30,6.14,-11.26,254.98,343,
#YPR=-129.05,-2.77,-3.29,257.61,13.31,-11.26,257.02,375,
#YPR=-129.24,-2.97,-3.32,255.58,10.24,-14.34,254.98,409,
#YPR=-129.26,-2.88,-3.50,252.93,13.31,-18.43,251.90,442,
#YPR=-129.26,-2.74,-3.55,252.64,10.24,-16.38,251.90,475,
#YPR=-129.29,-2.63,-3.59,250.97,13.31,-19.46,249.86,508,
#YPR=-129.43,-2.82,-3.77,254.19,9.22,-23.55,252.93,544,
#YPR=-129.41,-2.73,-4.00,251.62,8.19,-17.41,250.88,577,
#YPR=-129.41,-2.56,-3.86,254.83,13.31,-16.38,253.95,610,
#YPR=-129.54,-2.73,-3.90,254.65,7.17,-17.41,253.95,643,
#YPR=-129.58,-2.67,-4.02,255.91,4.10,-21.50,254.98,676,
#YPR=-129.44,-2.28,-4.05,240.26,10.24,-14.34,239.62,709,
#YPR=-129.30,-2.20,-3.80,245.54,11.26,-16.38,244.74,742,
#YPR=-129.42,-2.54,-4.11,263.72,2.05,-28.67,262.14,776,
#YPR=-129.27,-2.29,-4.65,261.63,6.14,-27.65,260.10,808,
#YPR=-129.12,-2.23,-4.75,256.82,13.31,-27.65,254.98,890,
#YPR=-129.03,-3.02,-5.04,254.67,19.46,-22.53,252.93,924,
#YPR=-128.96,-3.20,-5.08,254.16,19.46,-27.65,251.90,957,
#YPR=-129.06,-3.55,-6.78,229.12,9.22,-16.38,228.35,990,
#YPR=-129.39,-3.69,-6.96,262.80,16.38,-40.96,259.07,1024,
#YPR=-129.70,-3.95,-6.72,252.27,14.34,-31.74,249.86,1056,
#YPR=-129.90,-4.20,-5.59,258.49,18.43,-30.72,256.00,1090,
#YPR=-130.03,-4.32,-5.28,259.01,20.48,-24.58,257.02,1123,
#YPR=-130.15,-4.66,-5.36,248.93,13.31,-19.46,247.81,1159,
#YPR=-130.15,-4.62,-5.10,244.72,12.29,-18.43,243.71,1192,
#YPR=-130.15,-4.68,-4.94,251.57,17.41,-23.55,249.86,1225,
#YPR=-130.06,-4.90,-4.99,256.23,13.31,-21.50,254.98,1259,
#YPR=-129.80,-4.74,-4.90,253.25,17.41,-19.46,251.90,1292,
#YPR=-129.43,-4.78,-4.95,253.23,14.34,-21.50,251.90,1326,
#YPR=-129.47,-4.99,-5.14,256.78,28.67,-33.79,252.93,1358,
#YPR=-129.37,-5.66,-5.55,259.76,25.60,-35.84,256.00,1391,
#YPR=-129.19,-5.77,-5.99,258.65,24.58,-35.84,254.98,1425,
#YPR=-129.11,-6.04,-6.51,254.41,26.62,-32.77,250.88,1461,
#YPR=-129.04,-6.44,-6.84,250.48,22.53,-28.67,247.81,1495,
#YPR=-128.74,-6.16,-6.62,254.16,19.46,-27.65,251.90,1527,
#YPR=-128.46,-6.71,-4.93,256.78,28.67,-33.79,252.93,1604,
#YPR=-128.15,-7.13,-5.09,260.70,23.55,-28.67,258.05,1637,
#YPR=-127.48,-7.22,-5.22,249.63,32.77,-18.43,246.78,1678,
#YPR=-127.05,-7.58,-4.87,253.61,44.03,-21.50,248.83,1712,
#YPR=-126.79,-8.34,-4.63,253.16,35.84,-19.46,249.86,1744,
#YPR=-126.43,-8.88,-4.41,270.79,37.89,-21.50,267.26,1778,
#YPR=-125.97,-9.21,-4.47,257.36,47.10,-32.77,250.88,1814,
#YPR=-125.36,-9.30,-4.76,251.16,47.10,-21.50,245.76,1847,
#YPR=-124.99,-9.64,-4.62,257.35,36.86,-19.46,253.95,1881,
#YPR=-124.53,-9.89,-4.58,256.68,36.86,-23.55,252.93,1913,
#YPR=-124.07,-10.04,-4.68,252.64,49.15,-22.53,246.78,1947,
#YPR=-123.69,-10.42,-4.91,252.55,36.86,-22.53,248.83,1981,
#YPR=-123.25,-10.35,-5.18,256.93,43.01,-26.62,251.90,2014,
#YPR=-122.75,-10.69,-5.44,257.19,53.25,-29.70,249.86,2048,
#YPR=-122.21,-11.19,-5.66,248.56,52.22,-25.60,241.66,2083,
#YPR=-121.63,-12.11,-5.50,264.29,43.01,-29.70,259.07,2117,
#YPR=-121.13,-12.73,-5.24,262.43,68.61,-26.62,251.90,2151,
#YPR=-120.78,-14.76,-4.82,249.97,59.39,-23.55,241.66,2185,
#YPR=-120.37,-16.97,-4.67,263.60,50.18,-19.46,258.05,2217,
#YPR=-118.45,-18.36,-4.39,238.99,103.42,-13.31,215.04,2289,
#YPR=-117.03,-20.49,-4.01,243.52,96.26,-14.34,223.23,2322,
#YPR=-115.65,-22.42,-3.50,255.60,82.94,-7.17,241.66,2356,
#YPR=-114.43,-22.50,-3.09,248.18,101.38,-10.24,226.30,2390,
#YPR=-113.09,-23.24,-2.78,248.07,113.66,-12.29,220.16,2425,
#YPR=-111.77,-24.08,-2.54,250.65,104.45,-15.36,227.33,2460,
#YPR=-110.59,-24.66,-2.60,254.83,101.38,-12.29,233.47,2494,
#YPR=-109.52,-25.00,-2.39,258.58,116.74,-12.29,230.40,2528,
#YPR=-108.55,-25.73,-2.18,243.41,113.66,-9.22,215.04,2561,
#YPR=-107.72,-26.10,-1.80,243.76,99.33,-13.31,222.21,2594,
#YPR=-106.88,-25.98,-1.92,258.10,107.52,-8.19,234.50,2628,
#YPR=-106.03,-26.24,-1.77,253.56,121.86,-8.19,222.21,2662,
#YPR=-105.41,-26.72,-1.75,253.76,101.38,-9.22,232.45,2698,
#YPR=-104.80,-25.68,-1.98,250.67,113.66,-9.22,223.23,2732,
#YPR=-104.08,-25.59,-2.02,249.73,113.66,-8.19,222.21,2765,
#YPR=-103.42,-25.71,-1.92,245.17,103.42,-6.14,222.21,2799,
#YPR=-102.95,-25.52,-1.92,250.28,108.54,-10.24,225.28,2833,
#YPR=-102.30,-25.70,-1.93,255.68,116.74,-8.19,227.33,2867,
#YPR=-101.84,-25.63,-1.87,251.06,110.59,-7.17,225.28,2900,
#YPR=-100.63,-26.18,-1.66,246.44,94.21,-13.31,227.33,2971,
#YPR=-99.87,-26.46,-1.77,245.60,110.59,-8.19,219.14,3004,
#YPR=-99.24,-27.52,-1.77,261.32,108.54,-8.19,237.57,3040,
#YPR=-98.55,-27.91,-1.63,256.14,121.86,-3.07,225.28,3074,
#YPR=-98.01,-27.91,-1.42,243.72,112.64,-5.12,216.06,3106,
#YPR=-97.40,-27.21,-1.29,235.64,110.59,-9.22,207.87,3140,
#YPR=-96.94,-24.07,-1.27,231.28,105.47,-2.05,205.82,3173,
#YPR=-96.45,-18.31,-1.30,239.01,95.23,-6.14,219.14,3207,
#YPR=-96.88,-10.93,-1.95,244.03,30.72,-14.34,241.66,3239,
#YPR=-97.91,-3.81,-2.83,248.59,3.07,-19.46,247.81,3272,
#YPR=-99.26,1.41,-3.97,258.46,-3.07,-14.34,258.05,3305,
#YPR=-100.72,7.06,-5.24,240.54,-13.31,-16.38,239.62,3341,
#YPR=-102.73,13.31,-6.71,244.66,-87.04,-24.58,227.33,3383,
#YPR=-104.33,17.77,-7.35,253.84,-93.18,-27.65,234.50,3417,
#YPR=-105.97,20.95,-7.73,252.50,-87.04,-26.62,235.52,3449,
#YPR=-107.68,22.25,-7.52,263.33,-134.14,-38.91,223.23,3483,
#YPR=-109.35,22.64,-7.41,304.56,-131.07,-44.03,271.36,3518,
#YPR=-110.78,20.11,-6.80,281.77,-115.71,-38.91,253.95,3552,
