#YPR=-79.13,-24.88,-9.59,322.48,34.82,-7.17,320.51,
#YPR=-80.61,-27.26,-15.33,258.68,69.63,-12.29,248.83,
#YPR=-82.94,-28.00,-17.80,251.64,161.79,-9.22,192.51,
#YPR=-84.45,-31.62,-20.78,288.26,201.73,-6.14,205.82,
#YPR=-86.37,-33.16,-24.85,314.02,251.90,6.14,187.39,
#YPR=-83.93,-31.40,-43.00,218.53,168.96,-34.82,134.14,
#YPR=-84.55,-30.78,-50.22,182.18,142.34,-89.09,70.66,
#YPR=-83.18,-29.53,-59.28,202.75,151.55,-133.12,-20.48,
#YPR=-79.72,-29.31,-68.88,189.32,64.51,-165.89,-64.51,
#YPR=-77.09,-28.30,-77.19,230.81,109.57,-190.46,-70.66,
#YPR=-74.52,-27.11,-85.39,262.36,121.86,-203.78,-111.62,
#YPR=-73.74,-25.34,-90.77,269.11,130.05,-218.11,-89.09,
#YPR=-77.12,-22.88,-92.18,251.78,26.62,-243.71,-57.34,
#YPR=-83.03,-17.38,-91.72,254.32,19.46,-250.88,-36.86,
#YPR=-96.11,1.62,-90.55,265.65,-7.17,-220.16,-148.48,
